[
    [
        [0, 61.8, 161.8], [0, -61.8, 161.8], [0, 61.8, -161.8], [0, -61.8, -161.8],
        [161.8, 0, 61.8], [161.8, 0, -61.8], [-161.8, 0, 61.8], [-161.8, 0, -61.8],
        [61.8, 161.8, 0], [-61.8, 161.8, 0], [61.8, -161.8, 0], [-61.8, -161.8, 0],
        [100, 100, 100], [-100, 100, 100], [100, 100, -100], [-100, 100, -100],
        [100, -100, 100], [-100, -100, 100], [100, -100, -100], [-100, -100, -100]
    ],

    [
        [0, 1], [0, 12], [0, 13], [1, 17], [2, 3], [2, 14], [2, 15],
        [3, 19], [4, 5], [4, 12], [4, 16], [5, 18], [6, 7],
        [6, 13], [7, 15], [7, 19], [8, 9], [8, 12], [8, 14], [9, 13], [9, 15],
        [10, 11], [10, 16], [11, 19],
        [18, 3], [14, 5], 
        [17, 6], [17, 11], [1,16], [10,18]
    ]
]
