[
    [
        [ 50, 0,    0],     [ 25, 0,43.3],
        [-25, 0, 43.3],     [-50, 0,   0],
        [-25, 0,-43.3],     [25, 0,-43.3],

        [100, 0,    0],     [  50, 0, 86.6],
        [-50, 0, 86.6],     [-100, 0,    0],
        [-50, 0,-86.6],     [  50, 0,-86.6],

        [ 75,   30,  0],    [37.5, 30, 65],
        [-37.5, 30, 65],    [ -75, 30,  0],
        [-37.5, 30,-65],    [37.5, 30,-65],

        [   75,-30,  0],    [37.5,-30, 65],
        [-37.5,-30, 65],    [ -75,-30,  0],
        [-37.5,-30,-65],    [37.5,-30,-65]
    ],

    [
        [0,1], [1,2], [2,3], [3,4], [4,5], [5,0],
        [12,13], [13,14], [14,15], [15,16], [16,17], [17,12],
        [6,7], [7,8], [8,9], [9,10], [10,11], [11,6],
        [0,12], [1,13], [2,14], [3,15], [4,16], [5, 17],
        [6,12], [7,13], [8,14], [9,15], [10,16], [11, 17],
        [18,19], [19,20], [20,21], [21,22], [22, 23], [23,18],
        [6,18], [7,19], [8,20], [9,21], [10,22], [11,23],
        [0,18], [1,19], [2,20], [3,21], [4,22], [5,23]
    ]
]
